42 67 1354 44 10 3807 24 5 1218 7 284 23 1293 195 4	42 67 1354 44 10 3807 24 5 1218 7 49 1293 195 4
33 31 1775 9 4427 1569 64 5 771 325 4	33 31 125 1775 9 4427 10 159 63 1569 64 5 771 325
7 155 10 6421 255 52 742 31 1027 17 4	7 155 10 669 6421 255 52 742 31 1027 17
6 124 747 59 218 7 33 258 32 2057 4	6 502 7 87 33 258 32 48 4
304 64 47 5 4267 383 11 71 181 298 4	304 64 47 5 4267 383 11 3664 71 181 298 4
5 567 103 17 5888 13 78 92 4	5 567 103 17 5888 13 874 32567 484 78 92 4
6 96 1689 329 11 107 483 14 175 371 4	6 16660 128 214 11 1250 329 4
7 185 35 6 85 15048 4432 41 113 16 565 4	5 4432 174 13 48 24 16 565
315 11 5 302 30 115 5 147 1995 8 58 148 4	315 11 5 302 30 115 5 147 1995 8 7 228 4
7 26 19 29 51 29 194 78 588 422 4	123 10 48 29 145
32 19 18 48 14 1655 24 46 613 4	158 14 613
52 6 1502 5 453 5 1753 26 18 33 1122 7 4	52 6 1502 6 26 269 11 606 33 33 1122 7 4
9 8 77 109 150 241 74 506 65 12 101 4	74 73 506 150 674 15 12 101 4
2039 43 6 44 802 256 7 24 20 1292 933 4	48 43 6 44 58 802 256 7 24 20 1292 933
6 85 112 218 32 150 15 45 5410 2776 241 4	6 85 112 218 10 139 15 45 5410 241
76 10 139 287 6 610 6 26 9951 13098 4	76 10 139 287 6 610 6 26 9951 8386 4
5 2121 260 2045 8306 29 203 29 2230 4	5 2121 2230 2353 39 2045 73 56 4
104 6266 22 69 11 374 7 145 586 32 68 146 32546 4	104 3735 22 69 11 374 7 145 586 32 6 68 70 370 30
146 28 2117 57 5 79 28 3670 15 9864 4	146 418 28 15 2117 57 5 79 418 28 3670 15 9864 4
45 31 3355 2068 8 25 33 72 23 234 35 7 4	45 31 3355 2068 8 9 33 234 400 35 7 4
30 1142 1010 13 5 32547 15 3691 8834 4	30 15415 680 132 13 5 17311 15 3691 8834
6 136 20957 5 3368 119 24 11 58 3038 4	6 136 20957 5 3368 119 24 9 7 228
58 1897 24 5 1712 193 6 22 19 80 7 339 4	58 1897 24 5 1712 193 6 22 19 80 7 480 339 25 6 13923 929 51 241 4
456 74 54 19 36 757 12 60 142 4	456 74 311 19 141 11 36 757 12 60 142
4952 320 6 144 12 207 57 10 1142 4521 65 28 120 297 4	4952 8 6 144 12 207 57 10 1142 4521 120 297 9 7 116 93 4
6 292 5 426 282 9 7 5178 206 4	6 292 5 153 282 9 7 93 56 4
6 54 128 105 3264 2226 251 142 4	6 54 105 3264 2226 251 142 4
5 863 24 5 1207 104 19 2217 18 5 1941 109 2819 4	5 863 24 5 1207 104 2217 18 5 1941 109 2819 4
74 213 82 1568 11 130 433 734 4010 13806 4	74 213 73 1478 17 719 433 734 4010 13806 4
5 261 13 34 3042 9 19 206 1306 1740 4	5 261 13 34 942 9 206 1306 1740 4
12 13 19 225 5 168 9 5 289 799 13 3085 4	12 13 225 5 168 9 5 289 799 13 680 4
5 1614 18 262 20 12 2279 31 730 4	95 338 17 5 2279 13 48
5634 388 233 80 11 36 377 8 25 18 7162 1210 288 4	5634 388 233 80 11 36 377 8 9 18 7162 2794 288 4
5 729 4291 5 445 963 8 25 5 8406 128 1476 4	5 729 1476
32 6 68 12 60 741 7 49 373 11 8591 16 4962 4	32 6 68 12 60 9 7 1547 61 8591 16 4962 4
6 49 19 84 236 16 1551 30 240 4	6 49 236 16 1551 30 240
74 22 112 7459 194 243 14 219 9 410 102 12 4	74 22 112 7459 194 243 14 219 9 410 102 12 8 362 70 1380 4
6 68 12 169 14 194 1009 428 4	6 502 12 20 194 1009 428 4
13 18 83 21 213 188 14 177 148 1607 4	13 18 83 21 213 188 14 177 59 7 288 4
19 18 74 172 15 44 11 71 18 4	19 18 74 44 11 71 18 4
16 1126 437 34 372 9 6 98 9076 76 1637 12 4	16 1126 437 3169 9 6 98 58894 76 1637 12 4
16 521 37 301 23 46 41 1516 17 45 5694 4	16 600 548 106 45 5694
1214 74 41 22 194 298 8113 14 258 4	1214 74 41 22 194 8113 14 258 4
193 18 69 6 22 658 5 101 4	193 18 69 6 22 19 658 5 101 4
3430 19 225 83 26 598 14 7 117 393 4	7 26 3430 225 83 26 598 14 4
238 21 308 30 1191 8 21 85 637 53 41 4	77 31 227 2216 11 1371 57 4
6 96 37 188 966 11 5 183 6 59 11 401 7 4	7 54 36 48 11 401
6 35 6019 251 29 10 5083 8 32 12 26 10 1322 4	6 106 6019 251 29 10 5083 8 32 12 26 10 99 1244
5 391 6388 7289 13 5 34 6222 15 377 4	12 26 29 19464 29 5 391 6388 7289 114 13 5 34 6222 15 377 4
5 97 69 218 8 241 73 7555 195 180 652 40	5 97 69 218 8 241 73 15064 55 180 652 40
111 723 5447 77 31 2730 11 36 4016 25 6 26 9606 4	111 723 5447 77 31 2730 11 36 4016 25 7 104 3735 86 20 61
5 894 1806 7727 8233 114 88 19 5358 2720 4	5 894 1806 70 7761 1810 796 7727 8233 4
6 378 23 569 5 9194 404 15 8516 17 16 2131 4	6 378 23 569 5 1646 404 15 8516 17 16 2131
97 8 6 130 53 224 375 16 3816 4753 4	97 8 6 3664 130 53 224 375 16 3816 4753 4
19 10 51 60 14 4649 84 221 7 534 7 62 4834 681 4	19 5 157 60 14 4649 84 221 7 534 7 62 4834 681
6 49 128 140 12 690 389 15 168 90 4	6 49 140 12 168 90
6 85 80 7 647 9 7 62 589 335 4	80 7 170 280
6 531 7 695 5 1412 9 1273 7 11 10 2919 1633 4	6 531 7 695 5 1412 9 7 8476 34 51 46 83 7 88
39 23 997 129 7 5356 52 21 411 706 67 243 4	39 400 997 129 7 5356 52 21 411 706 67 243 4
87 7 27 82 210 14 16 310 867 4	7 27 37 153 14 16 310 867 4
154 26 51 11 236 61 10 935 153 240 4	154 26 48 9 323 61 10 935 153 240 4
7 5525 14 58 465 8 2041 102 6899 4	7 5525 14 58 465 8 25 2041 109 201 4
6 68 12 345 14 16 2811 10 139 120 119 4	6 68 12 599 345 14 16 2811 10 139 120 119 4
42 21 31 1173 11 9795 8 12 301 23 14 21 4	42 21 31 1173 11 9795 8 12 13 14 21 4
118 1435 455 9 148 24 57 77 4	118 861 1435 455 9 148 24 57 77 4
74 85 136 28 15 45 1325 1982 193 6170 40	74 13923 136 41 15 45 1325 1982 193 6170 40
6 205 396 11 16 1603 14 100 8 1157 4	6 205 396 11 16 1603 14 100 8 1268 21 32 34 78 4
6 85 80 45 10 139 216 9 344 53 34 206 4	6 85 80 45 10 139 216 9 502 53 4
12 30 1401 24 194 1546 3691 784 4	12 30 1401 24 194 1546 9 13 1465 80 4
111 287 572 6 58 328 590 53 1163 24 5 3098 4	111 287 572 6 590 53 1319 24 5 3098 4
6 780 480 14 1254 14 5 8725 7073 5632 9 2659 171	6 1702 10 99 1254 14 5 8725 7073 5632 9 253 2659 171
72 23 105 12 577 21 35 1436 6964 4	105 12 29 21 54 128 22 11 401 5 1009 4
12 542 54 236 21 1878 42 21 22 1173 314 4	12 542 54 452 67 314
6 49 19 105 231 371 57 12 2153 4	6 49 19 105 231 371 57 146 2153 4
6 124 234 91 15 5 3860 84 76 78 4299 4	6 124 3735 234 5 3860 4
9 76 41 18 8 5 733 344 82 4	9 76 41 18 8 5 733 26 402 29 56 4
5 2260 13 32 3834 6 44 11 621 16 1736 4	77 13 58 76 258 4
6 98 242 1743 11 451 5 2694 943 4	6 174 966 11 986 5 2694 943 4
5 481 271 13259 8 25 88 19 248 4	5 481 271 13259 9 816 206 4
5 60 13 19 553 25 7 311 37 36 5 30 6 292 4	5 60 13 34 553 9 7 311 37 36 5 30 6 292 4
118 184 294 56 21 226 5 10771 114 13 83 21 102 4	118 184 294 56 21 226 5 10771 8 9 21 102 7 4
6 121 23 22 5 1310 280 18 326 44 4	6 44 58 1310 280 8 1117 10 139 326 4
17 18 432 69 8 189 1944 30 8117 94 5 345 4	189 637 20 5 345
12 207 88 19 1166 392 2392 29 5 558 5291 4	12 207 88 1166 392 2392 29 5 558 5291 4
45 313 451 55 67 7609 11973 9 7105 86 29 822 4	93 48 29 822
12 13 10 976 479 8 173 7 62 91 2639 4	58 2639 8 48 479
42 21 39 2782 7 1680 55 11 175 18 54 162 4	42 21 39 2782 7 1680 55 11 175 18 54 162 987 4
6 284 23 36 278 57 12 9948 220 142 4	6 54 36 278 57 12 9948 142 4
6 208 5 1499 26 51 320 22090 3876 754 4	6 208 5 1499 26 51 320 22090 3876 32 82 4
186 60 6 298 57 53 62 1118 47 112 10 8139 4	186 60 6 298 57 53 62 228 47 62 128 112 10 8139 4
6 49 19 1408 231 746 64 199 40	6 49 1408 12 87 7 13 746 64 70 199 4
6 22 10 103 17 1531 493 15 12 4	6 22 10 103 17 1531 493 15 12 8 9 7 13 48 4
118 6 130 5 542 24 16 677 447 180 16 3314 9 5529 4	6 106 11 130 5 542 24 16 677 447 180 16 3314 9 5529 4
21 39 148 11 95 2719 277 9 71 92 4	21 5644 3735 148 11 95 2719 277 9 71 92 4
6 503 3861 7 129 6 49 2618 10 4233 472 93 4	6 503 3861 7 129 6 49 2618 10 4233 472 93 8 9 7 26 48
81 5 454 54 965 13 70 2424 2310 4	81 5 454 965 13 34 669
42 21 31 2285 1858 67 661 6 4 1271 4	2285 1694 13 377
15 672 17 167 2654 388 8 611 1582 23 693 4	15 672 17 167 2654 388 8 611 1582 23 693 82 78
6 44 7 6602 984 46 10 851 1354 1700 4	6 26 353 11 860 7 480 4
12 1055 403 709 24 50 15 5 261 4	5 1055 403 48 46 41 216
6 104 91 1144 8 9 315 20 12 30 4	6 104 29 78 1144 29 21 39 8 9 383 12 26 5 157
6 956 12 49 36 10 48 1632 11 38 642 5 1013 387 4	6 26 197 12 49 36 70 680 1632 11 38 642 5 1013 387
6 68 12 14 16 28 419 161 57 6434 14 586 4	6 16660 269 6 68 12 14 16 28 419 161 57 6434 14 586
74 144 12 32 194 509 124 22 377 345 11 308 20 4	74 144 12 32 194 509 124 22 377 345 11 308 20 8 9 184 502 7 4
861 4812 20 5 443 321 748 9 67 2781 4	7 49 373 11 4812 20 5 443 321 748 9 67 2781
6 4322 55 20 832 70 355 2712 24 16 565 4	6 4322 55 20 175 35 70 355 2712 24 16 565
6 130 7 433 11 1821 16 478 4	6 502 719 7 433 11 1821 16 478 4
7 1220 23 398 231 14 380 427 1733 221 4	7 62 398 275 14 380 427 1733 221 4
33 853 21 28 87 318 30 1124 65 111 287 4	33 853 21 28 87 318 30 1124 65 111 120 4
6 575 6 366 22 2604 175 42 5 166 109 32 51 4	6 575 6 1398 18 5 166 109 32 51 4
6 22 11 1043 5 959 146 3394 4	6 22 11 4169 5 959 146 3394 4
6 22 144 738 217 2679 57 803 9 33 640 10 160 4	6 22 144 250 333 2679 57 803 9 33 640 10 143 69 4
6 26 735 29 5 261 581 11 36 17 51 631 4	6 26 735 29 5 261 581 11 36 17 376 631 4
6 26 188 966 11 12 101 14 10 307 15 40	6 26 13043 685 20 12 101 4
45 531 266 127 84 221 33 31 5538 4	45 31 5 158 134 9 33 2245 50 84 63 43
6 137 6 54 374 9 396 20 4836 2067 4	6 137 6 54 191 45 9 8427 5 4836 2067 4
35 21662 202 8577 15 4617 8 7 62 82 150 3974 11 2343 4	35 21662 202 8577 15 4617 8 7 88 3735 22 95 3974 11 2343 4
42 21 22 522 3588 1419 118 117 41 781 38 45 5349 4	42 21 22 522 3588 1419 118 21 54 36 2043 1617 1803 42 21 38 45 5349 43
184 3866 7 119 11 61 9 1252 55 257 13915 270 4	184 4844 12 113 257 13915 270 4
102 41 785 8 25 12 258 32548 35 2501 46 41 4	102 41 785 8 29 12 791 400 35 2501 4
7 9879 125 82 206 9 125 82 2035 4	7 9879 34 89 9 496 670 4
10 99 46 97 8 63 20 318 12191 196 4	10 99 46 97 8 63 2080 20 318 12191 196 4
6 44 11 59 91 57 5 66 277 4	6 26 353 11 59 91 57 5 66 277 78 588
21 39 299 531 53 113 20 67 338 9 116 36 819 4	21 39 299 253 531 53 113 20 67 338 9 116 36 819 4
5 1776 32549 696 9 1692 425 24 123 4892 4	5 1776 128 696 9 626 206 24 123 4892 4
167 11731 77 13 10 6412 4496 4706 15 40 11 28 797 4	167 11731 77 13 58 4496 46 41 4
77 26 239 46 41 11 3306 18 2032 3052 12 207 4	275 65 5 60 4214 18 2032 3052 12 207 4
16 99 2315 247 12 14 257 1552 8 32 74 102 7 4	16 99 2315 247 12 14 257 1552 8 32 74 102 7 8 9 184 502 7 4
12 4403 13 2230 57 10 4874 297 4	123 48 1788
6 71 19 35 12 884 87 15 1410 15 595 4	6 71 19 35 34 78 12 884 87 15 1646 1410 15 595
82 127 9 19 5 108 6 407 4	5 153 134 9 19 5 198 108 6 407 4
7 37 8691 7 180 341 5 151 12280 135 5 438 4	7 37 2952 1636 7 180 341 5 151 12280 135 5 438 4
6 144 12 620 24 2592 166 57 326 4	6 144 12 620 24 2592 166 57 326 8 9 7 26 48 4
6 397 276 77 31 91 237 18 12 60 124 373 4	6 16660 197 77 31 91 237 12 60 124 373 4
20 2869 691 17 10558 15 952 434 24 10 1011 9 691 1218 4	48 691 211 20 5 434
7 121 23 22 5 404 10 159 2213 15 221 4	7 17 58 125 631 47 1321 44 5 404 10 159 2213 15 221 4
6 22 112 115 7 647 10 183 193 6 292 7 4	6 22 112 115 7 41 183 193 6 292 7 4
6 130 17 10 7763 25 1174 284 23 25694 7 4	6 130 17 10 7763 9 1174 54 25694 7 4
687 8 5 849 31 32 2905 18 7 813 61 10 2874 4	687 8 5 849 31 10 99 2905 8 7 253 323 61 10 2874
100 6 22 10 101 18 6 72 23 220 164 11 308 4	100 6 22 10 101 18 6 106 18 6 39 308 2069
1881 1994 129 11 309 10 34 51 2796 4	1881 1994 129 11 309 70 496 51 2796
832 8 12 60 13 10 6973 24 4868 4	19 10 6973
12 13 1162 5 75 90 6 85 2169 240 17 5 1172 4	12 13 1162 5 75 90 6 13923 624 14 32 143 4
6 85 44 150 10161 9 12 30 311 36 5 157 4	6 13923 44 150 10161 9 12 13 5 157 4
123 51 18 123 103 17 7856 486 64 911 4	7 8476 82 198 18 7 8476 103 17 7856 486 64 911 4
12 295 13 58 1191 14 5 138 6991 4	12 295 13 19 10 158 1191 14 5 138 6991
6 1502 5 453 9 33 294 18 5 2797 44 112 651 4	6 1502 5 453 9 33 294 18 5 2797 49 2466 688 4
7 27 5 2824 1774 18 2667 2609 19291 135 5 905 4	7 13 5 377 1774 18 191 2609 19291 2802 4
51 14 30 183 75 4 9 6701 806 12 60 24 2564 4	51 14 150 287 4
97 15 41 8 2345 1582 23 531 8 7 172 13261 4	97 15 41 8 5 2345 14979 4
81 7 352 34 263 160 1027 17 8 114 7709 61 50 4	7 421 10 734 1822 84 52 1027
517 60 25 57 83 6 85 929 7 88 5 259 4	6 624 5 60 87 7 93 56 4
1637 5 131 26 662 250 32550 64 5 404 2183 7 49 36 4	1637 5 131 26 34 2080 8 37 29 5 404 2183 7 49 36 4
7 13 687 118 58 7861 87 7 352 3964 1134 4	7 13 687 118 58 7861 87 7 352 10 99 1134
2718 47 3658 4 136 28 200 1974 15 2708 229 4	2718 47 3658 502 368 5 28 200 1974 15 2058 2708 229 4
173 8 313 88 19 86 35 10 138 152 4	173 8 313 93 273 35 10 138 152 4
83 10 6973 43 1544 57 16 1258 8 71 19 105 4	12 26 362 10 51 473 8 105 7 4
9 116 5 2259 26 496 522 47 37 1160 690 4	5 2259 26 24 537 9 48
6 81 136 10 588 289 15 1365 24 505 7006 2510 4	6 136 10 588 25 78 687 289 24 505 7006 2510 64 45 4
79 889 17 12 245 15 10 873 31 367 4	79 889 17 12 245 15 10 873 31 3735 367 4
570 8 33 31 271 8 9 31 19 553 46 41 4	570 8 33 31 271 8 9 19 34 553
184 124 22 7948 257 1979 90 5377 4	90 26 158
77 31 2048 18 107 319 3187 20 5 4887 3713 17 7 4	77 31 2048 18 107 727 319 3187 20 5 4887 3713 17 7
6 85 1571 18 2048 107 5536 1669 15 108 4	6 13923 1571 18 2048 107 2125 1669 15 108 4
208 8 2689 285 19 196 175 200 311 86 4	208 8 2689 285 19 196 175 4158 311 86
1095 301 23 10 17423 9 45 31 19 6984 151 4	12 1095 13 2313 452 4
5 369 132 13 16471 12940 14904 4888 18453 4	5 157 132 13 16471 12940 14904 4888 18453 4
12 37 126 23 22 156 354 11 5867 16 4124 9 1402 4	12 62 10 159 15 354 11 5867 16 4124 9 1402 4
20 10 307 15 921 21 124 107 175 10 159 92 823 4	7 49 204 10 159 63 168 11 107 175 92 823
6 44 78 92 951 20 5 79 303 1910 1021 4	6 44 78 92 951 20 12 64 5 79 303 1910 1021
7 27 35 6 102 70 2485 513 9 3117 4277 24 224 1210 4	102 70 2485 18 93
5 431 13 82 271 74 84 44 7 24 10 505 2142 4	5 431 13 662 82 271 74 84 44 7 24 10 505 2142
54 485 17 113 69 221 8 7 27 505 4	12690 3735 485 17 113 69 221 8 7 27 505 4
7 13 32 127 4 59 10 10378 838 4 1482 12 30 117 4	7 13 32 210 9 6 5583 21 11 59 7 4
18 13 19 11 190 18 45 1520 31 198 117 95 781 4	5 1520 31 599 8 105 53 117 41 781 43
5 649 11 4000 5 2074 228 400 30 69 145 1230 4	5 649 11 4000 5 2074 228 170 1230
6 96 197 7 3359 24 67 1773 9 810 511 4	6 98 32567 4488 886 7 3359 24 67 1773 9 810 511 4
5 7591 1727 24 12 1267 40 13 187 402 4	5 7591 1727 24 12 1267 40 13 92 64 402 4
1540 42 10 345 155 563 8 6 72 23 767 32 78 4	1540 6 35 7 42 10 345 155 563 4
77 26 253 239 6 506 65 12 60 4	77 26 139 844 6 506 65 12 60
6 80 5 60 14 679 287 945 145 736 50 4	6 80 5 60 14 679 287 945 4
32 6 397 7 27 73 10 693 15 3138 4	32 6 16660 197 7 27 73 10 693 15 3138
97 15 41 8 12 54 9747 947 1004 21 22 20 2594 4	12 12690 3735 9747 95 1004 21 22 20 2594 4
9 7 13 34 1041 18 45 31 51 1079 4	9 7 13 34 1041 18 45 31 73 51 1079 4
5 343 321 13 5233 76 75 10 419 15 3407 5 90 4	5 343 321 13 6317 123 631 84 219 76 3407 5 90 4
25 7 121 23 71 231 14 16 565 4	25 7 73 1807 16 565 4
6 102 12 14 16 28 419 161 509 14 586 4	6 502 256 12 14 16 28 419 161 509 14 586 4
33 5599 17 7 65 238 10 358 8 42 18 4	33 5599 17 7 52 281 4
6 75 226 24 288 87 33 109 1320 588 4	6 502 916 24 288 87 33 109 1320 588 4
1750 5 1347 445 11 67 66 9 692 67 15065 1335 4	1750 5 1347 445 11 67 66 9 692 67 756 15065 1335
11 32551 1868 8 12 101 26 10 212 377 4	5 6527 101 26 499 377
6 190 12 29 10 1368 20 738 427 5646 82 4	6 190 12 29 10 1368 222 13 2165 11 22 427 5646 82 4
368 11 996 11 10 200 192 2640 925 7 119 94 4	368 11 996 11 10 200 192 311 425 7 119 94
7 19 4560 47 4158 9 7 27 824 4	7 13 496 4560 9 4158 8 128 352 84 662 824 4
6 891 171 14 5 40 9 456 7 26 19 225 5 474 4	6 891 171 14 5 40 9 456 7 26 225 5 474 4
1399 685 28 4218 2948 17 46 340 10 28 954 1776 4	6 35 5 4218 2948
6 39 38 10 2961 5024 24 7 4	6 71 3735 141 11 38 5024 20 12 60 4
1528 24 83 754 62 112 10 1382 453 20 227 79 22092 251 4	45 133 32 56 20 83 62 112 10 1382 453 20 227 79 22092 251 4
16 478 294 7 26 2088 32 6 44 11 374 7 4	16 478 294 7 26 2088 32 6 2413 11 374 7 4
14762 13 34 178 11 38 447 20 70 1456 3578 4	14762 13 34 89 11 38 447 20 70 1456 3578
767 21 5 1204 8150 265 13 19 35 18 46 41 4	767 21 5 1204 8150 265 13 48 4
14 5 110 2484 8 123 239 11 2592 65 4	14 5 110 2484 8 7 8476 175 11 2592 65 4
6 899 184 575 504 184 32552 195 17 10 3402 440 4	6 899 184 104 3735 655 504 184 104 3735 485 195 17 10 3402 440 4
6 44 11 105 30 50 24 5 1620 4	6 26 571 11 105 30 50 24 5 1620 4
12 1077 1283 13 486 2603 17 5 442 2957 4	12 1077 1283 791 599 4
6 96 1418 15 1324 103 8 283 1128 2291 4	6 96 1418 15 19 158 8 1976 333 2291
6 284 23 236 12 11 5 138 1421 6 96 256 4	6 49 236 12 11 5 138 1421 6 16660 256 4
6 68 12 885 14 2495 9 2610 1030 8 9 2610 720 4	6 124 3735 1694 720 47 1030 17 12 885 4
825 18 6 102 329 57 70 154 277 796 127 1875 4	825 18 6 102 329 57 10 48 154 277 796 127 1875 4
6 2383 575 35 6 1022 240 16 168 24 12 30 4	168 56 891
276 7 37 458 608 17 9 91 201 1798 4	7 54 36 48 76 5 1798
76 582 287 15 18 8 6 323 55 9 10814 7 4	76 582 287 15 18 8 6 323 55 9 624 7 4
17 28 7774 211 50 20 12 4617 101 4	33 104 3735 262 50 20 12 4617 101 4
6 121 23 22 156 15 53 11 374 4	6 26 353 11 8531 16 374 20 58 280
6 39 19 140 12 60 14 347 368 11 1040 10 7848 6423 4	6 416 140 12 60 14 347 368 11 1040 10 7848 6423 4
14 61 12 26 10 167 1244 60 4	14 61 12 26 10 167 599 60 4
12 13 37 10 99 82 418 108 4	12 13 37 34 283 108 4
5 360 13 5 157 321 15 5 346 17922 4	275 13 48 65 5 346 17922
12 13 645 11 5 432 2844 588 11624 33 130 17 53 4	12 13 645 11 5 143 2276 283 108 11624 33 130 17 53
947 5 90 8 6 378 23 36 63 3212 20 12 249 4	947 5 90 8 6 378 23 36 63 269 20 12 249 4
45 107 48 99 613 1472 14 5 530 4	45 107 376 9 756 99 613 1472 14 5 530 4
6 85 19 44 12 1194 20 16 12216 4	6 85 44 12 1194 20 16 12216 4
97 8 77 13 239 65 12 11 73 1446 337 65 4	97 8 12 60 13 73 30 11 1446 337 65
5 207 26 4351 200 108 64 1844 4	5 207 26 4351 92 108 118 1844 4
171 13 82 78 11 463 14 10 171 384 4	171 13 48 11 463 14 10 171 384 4
1464 21 284 23 22 11 148 218 12 6462 4	1464 21 54 59 11 692 12 4
6 1398 20 5 326 18 12 26 1257 11 451 4	6 71 3735 1398 20 326 9 208 7 26 89 11 451 4
6 366 182 10 125 11 374 53 4	6 54 182 10 125 11 374 53 4
88 2471 619 25 88 19 234 122 11 5 536 4	88 2471 619 9 88 234 122 11 5 536 4
6 72 23 179 83 326 22 506 65 12 4	6 179 400 83 326 22 506 65 12 4
6 22 58 479 285 12 13 10 15857 641 4	6 39 179 285 123 10 641
7 155 70 824 255 52 7 13 24 4	48 4010
61 82 13 10 122 289 9 107 34 406 882 4	61 82 13 10 756 289 9 107 34 406 882 4
20 12 6 190 6 86 902 615 11 5 1452 4 27 4	20 12 6 190 6 106 335 11 236 615 11 5 1452 4 27 4
97 241 97 8 107 197 21 31 916 5 153 332 4	97 241 97 8 107 197 21 54 106 5 332 4
12 101 1505 239 2411 9 5 611 31 19 225 5905 65 4	12 101 58895 2411 9 5 611 31 225 5905 65 4
146 1898 60 18 503 7533 194 168 4	5 1898 60 13 48 20 168
34 56 656 9 89 11 1023 50 4	2897 656 9 34 89 11 1023 50
12 101 813 21 58 15020 11 191 627 4	12 101 813 21 15020 11 191 627 4
6 208 12 26 5 178 163 192 312 9 7 301 23 4	6 208 12 26 5 178 163 192 312 9 7 26 4
49 1053 115 30 15 5 345 25695 154 2549 4	6 106 5 345 25695 18 154 2549 4
459 8 7 27 19 34 1911 8 84 14 699 4	7 27 34 1911 8 447 14 699 43
6 85 80 7 238 9 6 284 23 36 115 7 142 4	6 22 80 12 238 9 6 54 36 115 7 142 4
5 1079 363 486 1088 9 86 56 8 798 30 176 4	5 1079 363 486 1088 9 86 34 56 8 798 30 127 176
12 513 581 35 10 473 9 102 51 166 4	12 513 26 10 473 9 102 6233 166 43
18 88 19 254 776 14 12 60 4	18 88 254 776 14 12 60 4
6 44 283 1451 14 12 60 193 6 11025 206 4	6 44 283 1451 14 12 60 193 6 11025 206 8 9 7 8476 48 4
12 13 796 10725 43 6 407 2531 20 4942 46 340 4	123 10 48 473 170 5 4942
5 394 15 5 90 18 3213 5 66 13 19 670 46 41 4	5 394 15 5 90 18 3213 5 66 13 496 670 9 522 4
7 2908 1336 420 8 25 58 92 64 5 161 3959 3465 4	7 2908 1336 48 8 78 92 64 161 3959 39 3465 43
6 244 486 36 10 99 250 1238 9 10 99 63 269 4	6 98 63 1238 9 269 4
196 8620 11 10 111 223 161 285 257 12501 535 1230 4	196 8620 11 10 111 223 161 129 257 12501 13 32 138 188
5 530 208 7 26 48 8 25 7 102 161 187 587 4	7 26 377 9 48 14 41
12 104 19 788 1672 9 16 2723 247 11 605 7 4	7 589 1672
12656 88 10 34 51 259 20 181 1586 5099 2571 4	12656 88 10 34 756 259 20 181 1586 5099 2571 4
238 5 265 13 1121 8 5 66 1473 335 8 142 4	66 233 93 84 170 265
9 4440 58 2065 24 95 15 45 1336 18 6 39 6773 4	9 6 104 3735 182 95 2065 24 95 15 45 1336 18 6 39 6773
35 33 2815 7 433 9 1122 7 50 7 581 4	35 33 2815 7 433 593 9 1122 7 50 306 7 581 4
6 104 19 249 16 169 57 12 2153 4	6 233 249 16 979 57 12 2153 4
33 31 9896 8 11549 8 9 74 106 5 391 436 4	33 31 9896 8 9 74 106 53 4
7 155 10 21599 50 15 10 51 28 40	7 155 7 363 10489 50 15 10 51 28 40
7 124 36 18 6 700 17 70 2131 20 10707 9 4805 180 4	48 58 693 290 123 46
6 1764 16 287 15 4694 1154 145 3503 2331 454 4	6 71 3735 1764 5 287 15 4694 1154 193 3503 2331 454 4
224 2709 16 319 2103 9 928 6533 4	224 2709 16 319 2103 9 253 928 6533
71 19 105 4 6 121 23 477 78 87 15 5 474 4	105 7 4 7 93 56 9 13 2046 4
6 104 19 105 57 10 40 1509 705 4	6 144 57 10 40 1509 705 4
160 5 2351 13 522 8 7 13 19 392 4	12 2351 13 19 75 522 8 9 26 449 392
6 226 111 15 53 9 224 413 482 10 358 4	6 226 111 15 53 9 224 413 482 10 111 287 4
81 8 7 2913 63 1626 64 5 30 6 96 80 11 4	7 2913 250 1665 1626 64 5 30 6 96 80 11 4
456 7 13 4454 11 191 5 574 9 5 246 149 4	456 7 13 32 4454 11 191 5 574 9 5 246 149 4
7 27 12 302 321 18 73 21684 61 50 4	7 8476 12 302 321 18 8476 73 559 4
87 45 417 54 2897 1919 24 5 5423 27 846 4	87 45 417 54 36 225 10 5296 24 5 5423 8476 846
323 7 11 541 5359 269 24 257 1552 4	323 7 11 541 9 184 26 269 24 257 1552 4
37 708 5 370 921 9 105 70 4460 30 57 676 4	71 3735 708 5 370 921 9 11 105 70 4460 30 57 676 4
548 4626 320 588 5159 3227 42 21 366 4	548 599 320 588 64 3227 4
7 291 303 120 303 9305 9 113 6386 3402 1107 891 145 1924 4	7 291 556 303 120 9 6386 3402 1107 8 25 74 109 269 11 410 10766 4
16 97 11600 15 12 317 26 81 125 82 143 4	16 97 11600 15 12 317 26 81 10 99 82 143
41 5 3061 1156 24 5 147 1557 4	41 5 3061 1156 1385 24 5 147 1557
1220 23 44 11 36 9290 339 645 11 963 491 4	7 54 128 22 11 36 9290 645 11 963 491 4
6 624 7 221 6 71 19 38 7 4	6 624 7 221 29 6 38 7 977
5 1499 26 48 9 7 228 34 56 52 7 228 4	5 1499 26 3927 9 228 34 56 456 4
5 104 19 10 24740 151 46 41 4	33 104 83 407 20 5 151
6 3259 5 6082 24 5 855 9 5 4468 862 4	6 502 3275 5 6082 24 5 855 9 5 4468 862 4
6 26 19 46 41 528 20 5 1074 15 12 2458 4	6 26 528 20 5 1074 15 12 2458 4
6 22 58 2762 15 16 298 11 6702 178 5018 4	77 8476 58 141 15 2762 15 16 298 11 6702 178 5018
9 6 247 53 41 11 36 89 11 1393 4	9 6 26 571 33 109 89 11 1393 8 87 6 247 53 11 36 4
12 13 10 51 12900 9 56 103 4	12 13 10 51 12900 9 34 56 103 4
7 27 34 412 8 9 7 88 460 619 4	48 282 9 158 619
217 8 418 108 25696 2710 20 84 588 1055 3353 4	9503 8 19 283 108 25696 2710 20 9301 1055 3353
97 15 41 6 96 19 91 14846 2609 4	97 15 41 6 106 12 4
6 349 115 20446 7609 817 10 139 120 297 4	48 817 6 80 162 358
97 8 9 3926 26 18 33 22 7997 3011 3531 4	97 8 9 19 3926 26 18 33 22 7997 3011 3531 4
173 8 6 234 6316 6430 13 167 313 19 70 1380 456 4	173 8 6 234 6316 6430 13 167 313 70 1380 456 4
931 5 17706 9 1545 32553 15 198 2968 4	196 12 50 9 692 5 51 2968 4
25 12 348 54 655 504 76 75 10 139 5146 4	7 13 553
453 54 2574 221 25 7 7533 67 69 596 12 4	453 54 2574 17 10 3032 3109 4
640 14 111 388 8 642 114 6 26 5 3011 7965 4	7 640 14 150 120 8 6 267 5 7965 4
34 178 163 9 19 18 377 11 308 20 46 41 4	34 553 163 9 377 11 308 20 4
510 823 91 69 9 168 9 1992 12 60 4	510 823 91 69 9 168 9 137 647 65 12 60
10 967 18 409 10 307 15 296 4	10 967 18 409 10 587 1127 4
6 106 12768 9 95 10044 47 2720 8098 691 2379 4	6 106 12768 9 95 10044 47 2720 8098 691 2379 8 9 45 31 48 4
1304 175 6 49 236 29 10 2684 1552 424 4	175 6 49 236 29 10 2684 1552 424 4
5 176 20 5 4578 325 6 85 215 13 5 6294 2157 4	5 6294 2157 13 48 20 12 4578 30
68 12 14 38 11 254 16 864 1884 4	68 12 14 38 11 254 16 864 5 157 60 4
18 13 153 55 341 30 183 5 2747 703 589 335 4	233 48 46 41 216
16 509 80 12 14 1985 14 65 28 219 341 5 1579 344 4	16 509 62 112 115 12 14 1985 14 28 219 9 7 116 185 289 138
6 22 28 2708 5388 1662 57 5890 17 16 628 9 119 2596 4	5 48 2691 31 12683 17 5 628 2596
891 63 69 6260 20 12 64 6 104 188 46 5 1620 4	104 3735 22 11 708 10 159 15 69 891 63 69 6260 20 12 32 6 26 454 11 2259 24 5 1620 4
72 23 389 67 69 47 168 24 45 2147 4	204 91 69 9 708 5 168 24 45 2147 4
6 97 80 7 24 16 495 9 1168 4	6 80 7 97 9 502 7 24 16 495 9 1168 4
6 81 22 11 254 5 1794 513 11 191 7 57 12782 180 4	6 714 11 254 5 1794 513 11 191 7 57 12782 10 99 180
19 5 6519 25 92 64 16 79 263 438 621 4	874 5 6519 9 93 92 64 16 79 263 438 621 4
6 1022 7 50 87 6 39 23 204 2837 4	6 502 7 447 193 6 106 2837 4
76 18 21 22 11 463 10 6087 4	76 18 21 71 3735 84 22 11 463 10 6087 4
77 27 58 125 12 54 162 29 143 29 3574 4	7 8476 178 11 497 12 54 162 29 143 29 3574
6 54 116 1356 11 38 7513 251 8 37 19 12 30 4	6 54 1356 115 7513 251 8 25 276 19 12 30 4
874 30 15 5 63 6662 2516 17 5 556 4	874 30 15 5 63 2395 9 6662 2516 17 5 556
37 7519 5 835 4082 6889 9 17890 2319 388 4	58 141 11 7519 5 835 4082 6889 9 17890 2319 388 4
41 15 53 31 7400 1172 8 19 84 632 6322 4	41 15 53 31 14461 8 103 15 632 6322 4
6 244 1053 347 188 11 249 1616 251 174 135 2637 359 4	6 32568 1053 347 188 11 249 1616 251 174 135 2637 359 11 179 129 51 1616 13 17 1932 4
51 132 772 14 28 2432 3697 31 217 4	48 110 24 772
6 311 374 7 8 25 6 141 10 39 958 4	6 12690 3735 374 7 4
359 6 49 140 7530 2333 3409 9 21 54 36 201 4	359 6 49 140 7530 2333 3409 9 21 54 36 48 4
712 13 496 7429 9 88 548 239 14 67 810 4	712 13 19 7429 9 88 48 241 14 67 810 4
6 244 486 3725 10 1281 180 16 1402 29 10 17388 4	6 244 486 3725 10 122 1281 180 16 1402 29 10 17388 4
5 25697 24 16 319 1601 578 11 1104 4	77 26 58 5 25697 24 16 319 8 1730 3194 454 2242 4
5 90 133 819 25 19 1073 46 41 4	5 90 133 56 9 26 34 1073 4
29 6 59 893 8 16 1494 9942 519 195 4	29 6 59 893 8 16 1494 9942 5701 2696
33 49 1563 94 47 59 3118 55 645 11 1032 1942 2628 4	5 2628 228 48
30 132 13 5 3183 547 246 10 4 6 4	30 132 13 5 756 246 10 4 6
6 407 70 1380 17 1093 1727 57 16 783 445 2623 14112 511 4	6 590 70 1380 17 1093 1727 57 16 783 445 2623 14112 511 4
16 97 3439 11 347 583 166 24 12 60 13 11 191 188 4	16 97 3439 11 347 583 166 24 12 60 13 11 881 56 123 844
14 91 465 7 228 50 2292 14 61 4	14 91 465 7 228 50 19 273 14 61
154 88 19 1166 156 1720 65 12 446 4	154 1132 5234 1720 65 12 446 4
3168 13 37 29 198 8 221 2916 19 687 4	3168 13 84 92 4
6 26 2685 76 5 97 28 296 4	6 26 269 76 5 97 28 296 4
6 502 5 229 14 16 600 29 21 39 286 1530 4	6 73 506 5 229 4
5725 60 844 9 19366 317 5793 4455 29 5 8407 15 4075 4	5 844 109 41 48
7 121 23 86 14 61 1464 79 237 54 22 92 951 4	7 228 14 61 1464 79 237 54 22 5 147 951 4
442 202 7 62 91 10533 3590 8 9 456 19 198 4	442 202 7 62 91 10533 3590 8 9 456 4474 4
329 13 10 331 15 812 8 29 203 29 6 98 1559 4	329 13 10 331 15 8007 8 29 203 29 6 98 1559 4
49 22 112 1320 2008 42 7 503 6812 17 20 5 1225 6498 4	44 5 1225 6498
7 13 157 11 2996 17 10 51 169 15 2455 1959 4	7 13 1478 11 2996 17 10 51 169 15 2455 1959
6 98 75 902 12 207 28 357 87 15 5 7715 110 4	6 98 902 12 207 679 357 87 15 5 756 110 4
12 88 19 1634 11 5312 63 14320 64 5 271 88 117 471 4	12 1068 11 5312 63 14320 64 5 271 88 117 471 4
7 253 133 8 25 19 156 11 1086 449 433 9 133 4	7 133 32 56 433 4
77 13 58 3143 3254 14 182 454 2494 4	89 11 182 454 2494
6 54 233 22 1646 766 8 58 693 83 4	6 98 10678 15 41 766 4
5 595 18 7 13 103 15 13 35 10 1175 2033 4	5 595 18 7 13 103 15 21072 1175 4
7 93 14 276 10 139 296 9 2573 94 306 4	7 93 170 964 94 4
5 875 109 89 11 1232 25 5 108 15 5 9317 26 4002 4	875 109 89 11 1232 9 5 9317 26 48 4
389 15 168 8 389 15 69 8 389 15 2321 4	48 38 15 168 8 48 38 15 69 8 48 38 15 1209
12 90 13 203 57 83 6 407 4	12 90 13 19 400 83 6 407
82 830 9 77 31 92 251 50 77 17 684 1317 4	7 13 10 51 134 9 77 31 58 92 251 50 77 17 684 1317 4
88 19 236 61 95 4003 17 278 95 15 5 5097 530 970 4	813 61 4003 17 278 95 15 5 5097 530 970 4
6 49 1053 10 63 10049 442 20 6199 151 4	6 1053 10 63 10049 442 20 6199 151 4
161 3173 557 41 241 18 22 11 71 20 1033 4	194 3173 548 557 41 241 18 22 11 71 20 1033 4
276 10 40 161 2315 124 429 7 4	95 2315 124 429 7
32 861 788 278 12 9 276 33 54 1043 5 110 4	32 861 788 278 12 32 1464 33 54 1043 5 110 10 99
9207 383 11 944 7 11 700 10 423 28 387 2417 64 18 4	9207 5177 383 11 944 7 11 700 10 423 28 387 2417 64 18 4
7 27 19 3834 8 7 13 19 35 2742 4	7 8476 19 3834 46 41 8 7 13 63 2823 64 2742 4
40 62 78 92 611 8 92 255 8 662 92 573 4	12 62 78 92 611 8 92 255 8 662 92 573 4
81 5 603 71 19 234 406 24 67 580 4	81 5 603 234 406 24 67 580 4
21221 80 11 36 5 157 132 180 4	21221 13 5 157
7 73 13 35 33 121 23 204 231 46 41 4	7 13 35 33 291 275 4
6 136 275 432 15 1230 5 132 451 4	7 93 48
79 166 581 63 886 8 25 6 37 323 329 240 4	79 166 581 63 1019 8 25 6 323 329 240 29 10 424 4
6 4713 41 28 192 808 17 5 960 2631 4	6 1541 41 28 192 808 4
88 12 220 1194 11 5 7010 177 1879 4	88 12 220 1194 11 5 7010 177 41 5 69 4
6 49 19 105 12 142 17 5 1120 4	6 49 313 105 12 142 17 5 1120
7426 155 5 157 5650 8 72 23 59 61 426 4	7426 155 5 157 5650 4
865 7 284 23 1310 8 25 32554 7 185 10 99 12246 4	185 48
32 6 37 208 276 7 205 373 191 16 1878 240 4	6 26 741 7 49 191 16 1878 240
123 32555 25 1683 19 5 157 132 11 190 65 603 4	1683 5 158 132 11 190 65 603
16 319 62 349 11 1094 5058 46 8679 4	16 319 13 32 6090 10 58896 69 4
32 76 111 219 15 38 8 335 17 7 4	7 93 46 41 216
6 72 23 165 285 7 62 41 5 51 166 4	13 59 41 5 51 166
77 109 79 1115 760 8 25 21 73 378 23 258 53 4	77 109 79 1115 760 8 9 7 26 10 20990 15 599 1590 4
5 108 15 1724 9 4411 13 3869 250 4	108 13 48
6 80 12 711 20 146 664 60 8 14 113 28 219 4	6 80 12 711 20 146 664 60 8 14 113 58897 219 9 116 106 7 4
6 72 23 137 5 1125 21 59 83 21 463 4	21 59 83 21 463 14
42 21 164 10 588 4655 473 20 2048 18 18447 17 18 3983 4	21 54 19 182 10 588 4655 473 20 2048 18 18447 17 18 3983 4
12031 7881 13 10477 117 10512 9 8060 4	12031 7881 13 3735 10477 117 10512 9 8060 4
21 722 59 32 78 3059 20 12 4	21 59 1135 15 3059 20 12 4
42 21 59 45 37 36 10 212 786 4	42 21 59 45 21 32569 106 53 4
7 3119 61 63 15 2776 11244 64 15 10 5024 4	7 3119 61 63 15 10 898 108 60 64 15 10 5024
7 228 14 276 28 219 118 972 4	7 62 2663 11 86 14 61 14 227 219 4
12 13 19 46 41 407 57 10 11129 289 35 1078 4	12 13 83 6 407 57 10 11129 289 35 1078 4
16 13870 11 19 1144 12 289 63 4	6 104 19 84 141 11 1144 12 289 63
6 215 45 3150 34 178 11 130 24 4	6 215 45 3150 34 89 11 130 24 4
6 85 19 112 2292 774 20 12 261 4	6 85 112 73 774 20 12 261 4
6 54 460 70 689 42 6 220 1023 7 50 4	5 689 54 36 800 688
6 136 6862 53 17 257 229 9 17 257 1520 4	6 136 2745 53 11 257 17 257 229 9 17 257 1520 4
184 121 23 35 5 264 15 12 30 46 41 4	184 502 5 264 15 12 30 4
56 7 103 7 687 35 10 505 1389 912 4	56 7 103 7 92 35 10 505 1389 912 4
6 205 37 396 20 10 51 6736 9 1992 5 1285 4	6 32569 396 20 10 51 6736 9 567 7 20 1285 4
1268 4399 5 2538 13 3094 87 77 31 58 550 4	1268 4399 5 2538 13 3094 9 6673 87 77 31 58 550 4
6 208 6 26 113 753 238 7 26 517 4	6 208 6 102 10 1419 473 52 6 44 11 374 7 4
6 68 53 9 182 53 187 824 4	6 68 53 9 182 53 187 3324 4
76 41 5 48 166 6 208 6 244 236 12 10 196 4	76 41 5 48 166 6 208 6 49 106 11 236 12 10 196 4
470 12 60 104 19 71 78 14 61 4	2264 12 60 26 158 14 61 4
21 59 83 21 463 14 6 397 4	48 473 14 5 168
7 311 86 14 41 903 1390 8 114 62 250 2331 4	7 88 3735 86 14 58898 1390 8 84 20 250 2331 4
17 16 555 8 33 31 10 2146 2207 15 280 4	17 16 555 8 77 31 58 280 20 53 4
334 29 6 407 11 292 1903 18 49 162 10 143 69 4	269 29 6 407 11 292 1903 18 49 162 10 143 69 4
5 2199 1937 31 113 10 1147 143 76 267 1203 17 4	5 2199 1937 31 5 158 1000 100
32 8 12 338 185 559 9 41 25 123 19 18 48 4	32 8 12 338 185 559 9 41 7 13 48 4
6 22 58 479 42 7 27 61 47 12 60 596 4	6 137 7 26 61 9 19 5 60 596 7 4
754 8 33 655 94 67 580 46 5 3337 4381 47 3895 4	754 8 33 421 24 67 580 58 693 5 4381 47 3895 4
37 4231 55 9 308 5 2812 3334 9 654 24 14 3391 5277 4	37 4231 55 9 308 5 3334 14 3391 5277 4
196 7 238 9 21 284 23 137 7 27 1568 4	93 48
7 26 597 11 36 10 992 345 4	123 10 992 345
4315 8 5 404 1124 14 28 47 28 296 2195 4	4315 8 5 3679 7705 14 10 143 69 4
51 18 33 31 57 1531 9 19 911 43 4	6 26 2043 33 109 57 5 556 9 19 911 43
32 203 6 98 19 46 41 269 4	32 203 6 98 34 269 4
6 144 53 9 52 33 413 33 109 3573 4	6 144 53 9 52 33 413 33 109 17 158 631 43
266 4599 9 33 107 21 350 32 150 4	266 2080 9 33 107 21 350 37 156 4
549 845 15 7 76 10 139 501 4	549 128 845 94 4
6 54 128 142 249 146 101 290 12 13 10 4983 4	6 54 249 12 511 15 101 142 4
73 8 7 41 88 174 122 7550 3058 4	185 48
123 34 664 11 18 511 15 706 4	123 34 664 11 18 48 511 15 706 4
311 22 112 122 8 25 37 315 113 16 5896 4	311 22 112 122 8 25 37 315 218 16 2098 5896 4
5 631 15 5 3860 155 41 5 488 4	5 2870 631 26 51
97 8 170 5 2485 33 31 34 432 4	2485 42 5 153 134
6 118 5973 5725 131 607 9 403 14 70 12386 8 831 4	6 118 5973 5725 131 607 9 403 14 10 1041 12386 8 831
33 22 10 872 2940 3859 18 62 63 15 10 5625 6322 234 4	33 22 10 872 2940 3859 18 62 63 15 10 5625 6322 234 18 13 48 4
25698 27 14786 13 559 82 290 189 21680 380 15952 4	25698 8476 14786 13 496 559 290 189 21680 380 15952 4
7 27 82 198 87 33 174 35 33 49 191 16 1050 818 4	33 174 35 33 49 191 16 1050 818 4
45 17346 31 17 151 19 2420 355 4	45 17346 31 2005 3803 17 151 8 19 2420 355 4
52 21 342 5 1131 7836 1180 24 21 39 59 10 1506 324 4	52 21 342 5 1131 7836 1180 24 21 39 59 10 34 7357 324 4
6 284 23 36 278 95 63 17 5 1120 4	6 311 19 141 11 36 278 95 63 17 5 1120
6 1816 5 282 18 26 609 11 61 8 4569 5204 5693 4	6 502 5 282 18 26 609 11 61 8 10 709 5693 4
18 27 19 83 7 575 35 20 5 391 1537 2612 4	18 8476 400 83 7 575 35 20 5 391 1537 2612 4
5 25699 25700 28 954 1438 5889 93 75 321 125 4	5 25699 25700 28 954 1438 5889 93 17 186 125 4
87 7 13 313 19 225 392 110 4	87 7 311 19 36 225 392 110
6 49 19 140 12 207 14 635 222 1726 4	6 49 140 12 207 14 635 222 1726 4
12 13 5 618 101 6 22 262 1089 17 10 143 69 4	12 13 5 157 101 6 22 262 1089 17 10 143 69 4
470 6 96 19 197 83 41 5 679 518 166 31 14 4	6 96 197 83 41 5 679 518 166 31 14 4
7 13 82 198 87 5 661 403 11 36 108 4	7 13 82 51 87 5 661 403 11 36 15 34 283 108 4
6 1449 12 60 698 14 10 139 336 698 4	6 1449 12 60 698 4
5 234 15 5 1776 13 122 9 6 35 5 300 6285 703 4	5 234 15 5 1776 13 73 122 9 6 106 5 300 6285 703 4
10 3966 40 14 129 33 3217 12 4	6 98 313 774 20 129 33 3217 12 4
98 34 334 18 6 116 39 23 429 16 882 43 4	98 34 269 18 6 116 39 429 16 882 43 4
7 121 23 133 17 16 7396 8 114 13 10 775 134 4	7 133 17 16 7396 8 114 13 10 775 134 4
74 1027 17 70 370 332 3434 180 5 469 4	74 1027 17 70 370 332 3434 180 5 469 8 7 228 273 4
12 90 185 122 25 18 27 65 7 4	12 90 185 756 9 77 8476 78 63 11 190 65 7 4
7 409 227 4386 218 91 1259 15 243 11 324 7 4	6 215 6 44 5 157 568 52 6 291 227 4386 218 594 91 1259 15 243 4
6 1502 8290 732 9 33 658 5 119 312 4	6 1502 8290 732 9 33 306 658 5 119 312
6 650 7 54 36 10 92 870 4	6 165 7 54 36 10 92 870 4
6 106 18 7 501 915 661 25 7 26 5410 24 16 314 4	7 501 915 661 9 26 32 1184 24 16 314 43
76 10 40 196 6 292 5 147 60 4	76 10 432 770 1981 292 5 147 60 4
167 251 31 14 8844 1601 117 372 2807 4	167 251 31 48 14 5968 8844 1601 117 372 2807
113 9 113 9 113 9 113 142 4	12 62 7792 48
12 60 26 19 17 4215 1146 52 1928 4	12 60 26 4215 56 52 7 26 1928 4
12 13 10 1904 207 18 155 58 1374 46 41 4	12 13 3735 10 1904 207 9 7 155 1374
228 157 24 771 138 8237 469 20 1780 15428 4	228 273 24 771 138 8237 469 20 1780 15428
311 86 14 326 8 121 23 86 14 61 4	311 86 14 326 8 121 23 86 273 14 61
19 11 1248 7 104 19 133 16 192 449 4	19 11 1248 7 133 16 192 273 4
6 208 18 41 15 5 8106 49 36 680 4	6 208 18 41 15 5 8106 49 36 680 9 6 26 153 4
7 26 41 1030 9 44 34 99 8118 442 4	7 26 37 5 153 539 15 1030 9 44 10 48 8118 442 4
667 7 50 15 5 261 6 215 5 309 11 36 1658 4	667 7 50 15 5 261 6 215 5 309 11 36 10 99 1658
6 144 12 2121 2690 29 10 382 14 70 771 2121 14535 4	7 26 10 48 382 14 5 2121
6 3023 7 4168 929 10 1701 65 7 4	6 3023 5 487 9 7 26 4854 675 4
6 26 741 14 10 212 92 64 12 57 154 4	6 26 741 14 662 92 64 12 57 154
12 90 13 730 173 5 13 5 75 51 132 65 7 4	12 90 13 730 9 77 31 79 51 241 65 7 4
6 85 262 11 5 4502 18 6 85 1545 16 168 4	6 13923 262 11 5 4502 18 7 26 10 48 105 4
6 49 19 3765 12 14 10 5992 8 5934 66 11 347 4	6 49 3765 12 14 10 5992 8 5934 66 11 347 4
5 51 440 18 6 8199 11 10509 5 2718 4153 11 536 4	5 51 440 18 6 8199 11 10509 5 2718 164 11 536 4
189 3413 12 345 8 25 39 59 5 1520 50 738 306 4	189 557 12 345 8 9 39 59 5 1520 50 738 306 4
35 129 150 216 21 565 5 25701 9 129 206 33 31 6173 4	35 129 150 216 21 565 5 25701 9 129 206 21 2840 4
6 226 28 9 182 12 11 36 10 19054 1258 4	6 226 303 9 182 12 11 36 10 48 479
42 21 31 1405 372 494 8 7 172 36 420 4	42 21 31 1405 372 494 8 7 93 273
5 765 132 252 17 5 1653 15 16 1223 27 279 4	5 765 132 2952 252 17 5 1653 15 16 1223 27 279 4
6 226 45 57 154 193 6 124 182 53 3035 17 16 657 4	6 215 53 17 16 657
32 83 7 268 195 11 13 18 1452 59 83 1452 598 14 4	32 83 7 268 195 11 13 18 1452 59 5 283 108 15 83 1452 598 14 4
5 7054 13 1240 63 35 10 6507 396 4	5 7054 13 48 1117 10 6507 396
6 397 7 2450 17 5 3376 2957 24 123 3406 4	34 13985 17 5 3406
17 12 90 8 7 27 10 210 1322 14 40	17 12 90 8 7 8476 10 591 1821 14 61
6 68 12 60 14 3451 16 28 12188 600 160 24 3321 4	6 68 12 599 60 14 3451 16 12188 600 160 24 3321 4
7 13 10 547 7823 52 7 268 11 1672 5755 9 6306 4	7 13 10 51 7823 52 7 268 11 1672 5755 9 6306 4
71 19 105 12 60 43 5 1900 31 2911 8 2911 3085 4	105 12 60 43 5 1900 31 19 3085 4
7 1550 134 2534 70 408 187 210 601 4	7 13 408 10 210 176 20 800 134
17744 3062 5 2941 2710 15 664 388 35 12389 47 84 10690 4	17744 62 5 2941 2710 15 664 388 35 12389 47 84 10690 4
33 109 591 8 339 5 147 134 17 5 1236 13 576 4	33 109 37 153 4
33 81 107 563 42 21 1194 11 536 30 918 5 79 4	5 48 563 897 20 33 536 318 79
7 228 48 14 5 97 307 15 387 118 7 37 589 449 4	7 62 112 335 48 17 5 69 6 22 44 7 4
708 5 370 921 9 59 5 24082 4026 3942 4	191 5 370 921 9 105 12 289 4
470 8 19 16 1096 1221 16 732 66 4	19 16 1096 1221 16 732 66
6 1502 5 705 9 26 673 10 935 4	48 705 1899 935
5 611 31 167 313 1807 113 5 835 493 4	5 611 31 271 120 63 1807 113 5 835 493 4
7 26 253 35 4686 1454 17 5 2038 601 4	7 26 239 35 4686 1454 17 5 2038 601 4
7 88 12 11 10 34 2520 2627 9 13 496 1067 11 429 4	7 88 12 11 10 34 2520 2627 13 496 406 11 429 4
77 366 36 70 4443 487 20 5 1100 15 5 345 4	77 13 58 4443 487 20 5 1100 15 5 345 4
5 108 13 9518 306 117 411 5705 4	5 108 13 376 3297 411 5705 4
5 904 442 11 262 218 13 2557 9 5 1646 4963 15 3167 4	5 904 442 11 262 218 13 2557 9 5 1646 4963 15 3167 114 13 1497 4
6 26 81 34 334 46 129 306 7 3762 5 476 4	6 26 81 662 334 46 129 381 7 3762 5 476
6 39 19 853 7 119 645 11 512 4425 4	6 26 353 11 853 7 119 645 11 5 89 512 4425 4
29 5 2028 7383 117 40 6 116 575 6420 4	29 5 2028 7383 117 6 575 63 8386 4
25702 8 5 131 233 820 17 18 343 8109 2431 4	25702 8 5 131 13 233 731 17 16 3106 4
6 39 23 853 7 119 142 87 6 72 23 22 7 4	6 39 23 853 7 119 87 6 72 23 22 7 836
